gt_micro_precision: 0.8333333333333334
gt_precision: 0.767361111111111
gt_recall: 0.8135416666666666
gt_f1: 0.7721685721685722
gen_micro_precision: 0.8799171842650103
gen_precision: 0.6167463194314731
gen_recall: 0.8150547175391897
gen_f1: 0.6674914634977971
