gt_micro_precision: 0.8582089552238806
gt_precision: 0.7682291666666666
gt_recall: 0.8135416666666666
gt_f1: 0.7735930735930735
gen_micro_precision: 0.8835690968443961
gen_precision: 0.6200214930267596
gen_recall: 0.8150591446769792
gen_f1: 0.6709985498250803
