gt_micro_precision: 0.845360824742268
gt_precision: 0.7628472222222222
gt_recall: 0.7927083333333332
gt_f1: 0.7653439153439153
gen_micro_precision: 0.8874560375146542
gen_precision: 0.5919961317860477
gen_recall: 0.7937135328439676
gen_f1: 0.6439796013529191
