gt_micro_precision: 0.9126984126984127
gt_precision: 0.8242753623188406
gt_recall: 0.8489130434782608
gt_f1: 0.8261120521990087
gen_micro_precision: 0.8909853249475891
gen_precision: 0.6457518833777266
gen_recall: 0.8497378970089424
gen_f1: 0.6979358682403438
