gt_micro_precision: 0.9126984126984127
gt_precision: 0.8242753623188406
gt_recall: 0.8489130434782608
gt_f1: 0.8261120521990087
gen_micro_precision: 0.8913282107574094
gen_precision: 0.6491384974363698
gen_recall: 0.8497425125355741
gen_f1: 0.7015358833443941
